.Random.seed <-
c(403L, 10L, -773793449L, 1363002430L, 910510200L, 1580077915L, 
1106218681L, -1073560824L, -166430282L, 2073102065L, -242380509L, 
1527563122L, -2080314940L, 364155271L, 438528861L, 114697556L, 
-348633222L, -863099195L, 1735534623L, 491769766L, 775172400L, 
970894291L, 770929137L, -440723680L, 2093605310L, -774794807L, 
696108411L, -613518518L, 1757017004L, -470689105L, -1035327387L, 
1271875612L, -1696840078L, 1360140525L, -540485337L, -232471218L, 
1970832808L, 1755365803L, -1161725239L, -775689512L, 1082775430L, 
-854799775L, 712053747L, -24426910L, 714973396L, 147761623L, 
506289101L, -577671324L, -1279247542L, -459093323L, 2044131855L, 
-1742497002L, 1667151296L, 479618435L, 701967265L, -1071025264L, 
-2004570002L, -1180363239L, -1866385749L, -1314452838L, 951973468L, 
1064395615L, -2138514123L, 616778956L, 1480209954L, -628881283L, 
-1598951049L, -175808866L, -508932776L, 485932219L, 201065049L, 
1871161832L, -97956842L, -287574127L, -1157310397L, 1583161170L, 
2036851684L, 409942567L, 559829629L, 243207028L, 1002628954L, 
1017340325L, -1968439873L, 1682972230L, 204451024L, 1201538803L, 
124551185L, -536222144L, -785790434L, 2041627881L, 1115090459L, 
-916124118L, -1214680756L, 1082276623L, -964481467L, 1539348476L, 
266047058L, -1753574451L, 1413029255L, 1638029422L, 535273544L, 
-1915448757L, -1059024983L, 2059091704L, -1715348954L, -734964927L, 
-232539949L, -45974398L, -1858356556L, -567775689L, -484059859L, 
1435819588L, -1496816790L, -791679019L, -1892435601L, 146396278L, 
2026913696L, 833595491L, 602156289L, -1550114704L, 877865998L, 
973147257L, 1051221003L, -1877846726L, 430990396L, -625822849L, 
1015791829L, -307661588L, -1741812158L, -990412387L, 1903719447L, 
1392028030L, -639504584L, -1439782885L, -2085639815L, -1214574648L, 
-191228938L, 434095665L, -122535837L, 1915043890L, -678658684L, 
-1479572537L, -83630435L, 1912720916L, -925887302L, 559808773L, 
-1433427233L, -864415898L, 1052780272L, 346103315L, -1858259023L, 
-750157216L, -1617002498L, -1961037943L, 670263483L, -1008008054L, 
1841780588L, 1426220271L, 2100678437L, 2107881948L, 1825466290L, 
-198218067L, -245905817L, 488371598L, -162250136L, 1925447275L, 
990484489L, -506657128L, -1040236090L, -502755039L, 595927475L, 
-112485086L, -599566572L, 1929514903L, 1817038733L, 2030875300L, 
-963265398L, 1517581045L, -1864821425L, -215309738L, -1726463744L, 
22918211L, 1721767905L, 339752784L, 790079918L, 1143334745L, 
-555979413L, -457886502L, -494846564L, -225910369L, 1789682677L, 
887452300L, -1793599646L, -1168709827L, -1447419977L, -1566602146L, 
-93216360L, 214361339L, -668823399L, -655548120L, -1347127338L, 
898593873L, -2044895485L, -1860839790L, 1595913252L, 154909415L, 
498356029L, -1030402124L, 1785082906L, 153587557L, 737063423L, 
2989190L, 1828675600L, 458015411L, 1361199441L, 1287373056L, 
-1227045922L, 1244655657L, -1252571173L, 1066824938L, 820220556L, 
-373420593L, -1810841211L, -1803470276L, 1269833490L, 1729283085L, 
432885575L, -1578226386L, -596693880L, -1305054510L, -1927844256L, 
74188108L, -1777019616L, 234640002L, 1398483432L, -923957268L, 
-51579332L, -373674382L, -89644176L, -151688924L, -1950371272L, 
1167720858L, -1552741936L, -278258244L, 1792157844L, 610958466L, 
-1893481024L, 434783036L, -635308912L, 312550178L, 1229434376L, 
1580002572L, 1461392796L, 381967890L, 227019648L, 46998292L, 
69538088L, -2040468422L, -1806636080L, -1663466900L, -374654412L, 
-1905649006L, 232234336L, 503826764L, -384542752L, -1175087710L, 
2017230248L, 1779951244L, 238075324L, 454159986L, 310934512L, 
925316676L, -1889929128L, 1541691450L, 532375664L, -2043791300L, 
1955707156L, 143753922L, 1358958304L, 734521468L, -1882173744L, 
867309986L, 565702696L, -1395762420L, 704238012L, -353479886L, 
1293523648L, 733586484L, -1552640312L, -35294022L, -1774717296L, 
400207596L, 887515732L, -1064959342L, 882376992L, -1213175348L, 
-1365196064L, 303077570L, -1771850712L, -178653268L, 1700496060L, 
-192771086L, -1814581712L, 1049126820L, -912020040L, 1124886362L, 
-891735920L, 382854012L, -1237479148L, -1683076798L, -572036864L, 
845188540L, -706049712L, 106440994L, 905396808L, -438507508L, 
-1650375076L, 1699850706L, 814681600L, -18817708L, -1446081304L, 
-460125958L, -43147568L, 331434796L, 747088116L, 1453007250L, 
-307837600L, 956462092L, 852118752L, -756657566L, -985766744L, 
-1495514036L, 655679356L, -1122993870L, 1801544304L, -1657015484L, 
1858911192L, -1685771398L, -927893456L, -1641726020L, 1231514196L, 
-1754484670L, -250624352L, 1882948284L, -1294220336L, 1265145186L, 
754728680L, 1708956876L, -1345988100L, 948248050L, 160078976L, 
451983860L, 4637320L, 886438714L, 215082320L, -590461844L, 141725076L, 
9824338L, -1551188512L, -1859144500L, 284761760L, -790621822L, 
1386569960L, -1781871892L, -1593221828L, -364443534L, -1073126800L, 
-1378575836L, 441690168L, -922568422L, -1754061616L, -159835844L, 
-389868652L, -1445931134L, 1420889024L, 815470140L, -1662664304L, 
-100374494L, 740281608L, -1822889844L, 977162012L, 2067676306L, 
1262013824L, 100839444L, -843471064L, 1368794682L, -1617147440L, 
1452491116L, 860404660L, -1670262254L, -1360128032L, -353633844L, 
-696264480L, 1352315938L, 847657768L, -1303827956L, 592950076L, 
1624492018L, 483099376L, -987362748L, -214796712L, 837982010L, 
-1032431632L, -1075336516L, -1563540204L, -2067010366L, 1766386784L, 
-1282327172L, -1615593520L, 1822853410L, -1318547800L, 1616019340L, 
-1044159300L, -397470926L, 308426304L, -2030701388L, 1130646600L, 
461458874L, -1220879856L, -676688660L, 1233703252L, -789726446L, 
2024211872L, -2083237172L, -547534240L, -1765824574L, 652895016L, 
-1504829012L, -1496140484L, -1996897422L, 761881904L, 2056134436L, 
-160963272L, 1821550298L, 1684862864L, 1343374076L, -534914156L, 
2037064770L, -361386752L, 60670012L, -703853232L, 987903138L, 
-792872120L, -513429748L, -2047635748L, -1872984238L, -450369920L, 
1952059476L, 129762280L, -900281606L, 362949968L, 832370476L, 
-1142592652L, 943915922L, 1565117024L, -268292212L, 1950899257L, 
-617696021L, -1952668196L, -1680061430L, -2040059137L, 963724105L, 
132626654L, -307943796L, 416780893L, -47435673L, 1664069008L, 
-480010834L, -893384613L, -1347403715L, 460494506L, 1308668744L, 
-1223805071L, -770629405L, -1671055388L, -1595101422L, -1808764185L, 
914732209L, -1012427018L, 1293615380L, -1469073883L, 1873972015L, 
-1177191192L, 1458757062L, 1179479155L, -1568217387L, 281517234L, 
-1851010944L, 1480178793L, 266504411L, -1957127124L, -673618886L, 
154383087L, 931671417L, -1085341170L, 1254716380L, -1141081011L, 
1890234295L, -1059253952L, -1903380450L, -828182805L, 157515373L, 
1163962074L, 2085934744L, -305570559L, 1076486835L, -114676268L, 
-1392644894L, -1270626953L, 99974337L, 1117601862L, 239972228L, 
1204750645L, 474945311L, -1479280008L, -140599466L, 258571747L, 
-972221531L, -1395645886L, 1638645808L, 850539609L, 1287842251L, 
1228122684L, -602610582L, -304482657L, -1771177175L, 942151614L, 
978724524L, 1591413757L, -1147632825L, -575822800L, -785906354L, 
-1302061701L, -1072248099L, -1118369014L, -1189443032L, 994583185L, 
-40443261L, -504536188L, -999503438L, -2046822649L, 65951057L, 
1401461974L, -1159464524L, -1471975995L, 1432960271L, 1528155016L, 
-1220472154L, 532808275L, -140162123L, -506988270L, 1605954272L, 
-1920630967L, -1445883525L, -1763410868L, 1742945754L, 1976008655L, 
-2063990375L, 2001564078L, 350588604L, 255721261L, 1278508247L, 
879510816L, 954716798L, 1548393547L, -1073246643L, 2091463802L, 
679802040L, 1595948641L, -119929837L, -722456012L, -296160190L, 
-468202409L, 841844641L, -243845018L, -1479344028L, -578987115L, 
163572927L, -1840964520L, 1672628342L, -1388480381L, 1163540677L, 
1494283746L, 1051933776L, -109374087L, -1143149909L, 2130358812L, 
1998589258L, 1261008191L, 1942483849L, 1544457118L, -1357280692L, 
110267421L, -762722905L, 901740752L, 598944366L, 297186587L, 
-1578488195L, 1739914346L, -937039608L, 2123693489L, 647207459L, 
-1855324380L, -332052526L, 386008103L, 1642577521L, 186303670L, 
